2.88424
3.50524
2.88424
2.88424
2.88424
4.61199
10.025
7.94656
2.88424
2.88424
2.88424
2.88424
12.9688
2.88424
6.39815
2.88424
11.3439
2.88424
9.06181
2.88424
9.43103
2.88424
2.88424
2.88424
2.88424
13.0276
2.88424
6.35822
2.88424
2.88424
7.2337
9.25511
7.2337
8.15597
2.88424
14.7335
2.88424
9.86439
5.45388
7.32123
2.88424
9.54684
2.88424
2.88424
2.88424
4.47847
6.87378
15.1155
7.37776
2.88424
2.88433
3.5053
2.88433
2.88433
2.88433
4.61116
10.0247
7.9465
2.88433
2.88433
2.88433
2.88433
12.969
2.88433
6.39901
2.88433
11.3431
2.88433
9.061
2.88433
9.43072
2.88433
2.88433
2.88433
2.88433
13.0275
2.88433
6.35768
2.88433
2.88433
7.23334
9.25537
7.23334
8.15706
2.88433
14.7336
2.88433
9.86365
5.45431
7.32197
2.88433
9.54704
2.88433
2.88433
2.88433
4.47785
6.87371
15.1159
7.37857
2.88433
2.88467
3.50481
2.88467
2.88467
2.88467
4.61209
10.0254
7.94595
2.88467
2.88467
2.88467
2.88467
12.9688
2.88467
6.39761
2.88467
11.3439
2.88467
9.06176
2.88467
9.43076
2.88467
2.88467
2.88467
2.88467
13.0274
2.88467
6.35782
2.88467
2.88467
7.23329
9.25488
7.23329
8.15628
2.88467
14.7331
2.88467
9.86381
5.45552
7.32167
2.88467
9.54657
2.88467
2.88467
2.88467
4.47907
6.87274
15.1156
7.37675
2.88467
2.88408
3.50476
2.88408
2.88408
2.88408
4.61216
10.0251
7.94647
2.88408
2.88408
2.88408
2.88408
12.9689
2.88408
6.39822
2.88408
11.3431
2.88408
9.06221
2.88408
9.43144
2.88408
2.88408
2.88408
2.88408
13.0277
2.88408
6.3584
2.88408
2.88408
7.23385
9.25557
7.23385
8.1566
2.88408
14.7337
2.88408
9.86356
5.4547
7.32207
2.88408
9.54692
2.88408
2.88408
2.88408
4.47877
6.87328
15.1155
7.3772
2.88408
2.88158
3.50387
2.88158
2.88158
2.88158
4.61313
10.0253
7.94842
2.88158
2.88158
2.88158
2.88158
12.9684
2.88158
6.39828
2.88158
11.3444
2.88158
9.06508
2.88158
9.43359
2.88158
2.88158
2.88158
2.88158
13.028
2.88158
6.36131
2.88158
2.88158
7.23624
9.25759
7.23624
8.15615
2.88158
14.7348
2.88158
9.86505
5.45245
7.32185
2.88158
9.54805
2.88158
2.88158
2.88158
4.47844
6.87451
15.1159
7.37752
2.88158
2.88595
3.50594
2.88595
2.88595
2.88595
4.61303
10.0241
7.94518
2.88595
2.88595
2.88595
2.88595
12.969
2.88595
6.39724
2.88595
11.3424
2.88595
9.06124
2.88595
9.43066
2.88595
2.88595
2.88595
2.88595
13.0277
2.88595
6.35706
2.88595
2.88595
7.23264
9.25409
7.23264
8.15613
2.88595
14.7333
2.88595
9.86303
5.45447
7.32099
2.88595
9.54551
2.88595
2.88595
2.88595
4.47996
6.87313
15.1143
7.37593
2.88595
2.88567
3.50541
2.88567
2.88567
2.88567
4.61317
10.0247
7.94542
2.88567
2.88567
2.88567
2.88567
12.9684
2.88567
6.39693
2.88567
11.3434
2.88567
9.06192
2.88567
9.43085
2.88567
2.88567
2.88567
2.88567
13.0271
2.88567
6.35762
2.88567
2.88567
7.23293
9.25433
7.23293
8.15608
2.88567
14.7327
2.88567
9.86329
5.45524
7.32123
2.88567
9.54573
2.88567
2.88567
2.88567
4.48019
6.8727
15.1147
7.3755
2.88567
