6.98999
6.80803
10.8142
10.5444
5.36103
6.97332
7.34125
10.5772
8.07071
5.50501
6.39743
5.81202
5.69191
9.87862
6.47677
8.11634
9.13801
5.72791
5.54255
5.95392
10.9543
6.01814
12.9246
13.0122
5.96477
6.96882
10.7931
7.46446
6.08254
7.36775
5.81372
10.6794
6.1496
5.54255
8.22085
8.70008
11.6686
7.7294
10.9066
6.58952
5.95602
10.5779
6.35444
8.64549
9.15533
7.74288
7.97076
10.6328
7.76644
6.98999
6.41708
5.43001
9.45724
6.44238
8.34257
7.66994
13.1977
6.70815
8.91149
10.0589
7.45229
9.87448
8.05773
8.30373
6.41869
13.1972
7.80898
6.57263
9.45657
6.93447
8.29323
9.49094
6.96706
9.92788
5.47876
5.54255
8.08781
8.18057
9.19631
5.47876
9.29074
5.8634
5.61431
6.50391
8.66244
6.48993
7.12718
6.20013
5.61605
7.30546
10.5544
9.92235
10.2043
5.50987
6.95762
8.61715
6.93447
5.97082
7.57123
8.03855
8.00432
7.57579
6.65989
5.79969
7.15015
6.65989
10.6788
7.97564
6.96941
9.75189
7.16698
9.53686
6.29993
5.68166
5.55636
10.5152
9.75189
11.3469
7.59677
6.60942
10.3745
6.30376
13.1563
6.58667
7.3905
6.49808
10.0341
10.6227
7.81852
8.73127
5.9945
7.08974
5.55101
5.86977
6.5041
8.00432
9.33054
12.59
8.00432
7.68881
10.3745
7.81083
10.5012
10.0176
7.16957
5.92534
8.83117
9.53686
8.83117
7.08974
8.02605
5.55815
10.2355
7.90632
10.5152
6.33032
7.90632
9.43989
5.55815
6.17031
5.53841
7.81083
6.17031
5.79969
8.18339
5.53841
9.29282
10.6788
10.5012
6.33032
8.11433
8.31642
6.50885
9.27696
5.55636
6.90912
5.83444
8.11433
7.31526
7.16957
8.73127
7.16698
5.53841
7.97564
8.73246
8.33104
9.53686
8.05676
7.43169
8.05676
8.76112
10.0341
10.6227
6.95701
10.8602
7.59677
10.5152
5.53841
6.34704
12.9003
