16.7534
16.7028
25.4959
15.2249
9.99276
16.3886
11.2418
19.544
12.7194
6.66848
18.209
11.397
10.0242
12.9058
14.6591
11.0937
15.2424
18.001
11.682
10.0756
13.5701
16.5621
13.6202
10.5426
22.826
8.2201
11.2875
19.4519
11.1104
9.55874
12.5326
14.1731
6.37209
12.9422
11.7155
11.2484
13.5005
14.5184
11.0862
19.0804
20.8657
12.0062
17.5343
15.3514
12.0927
8.98233
20.2641
13.7432
17.7163
12.0748
13.2726
24.1458
8.71381
15.7582
8.98481
12.1927
6.223
20.0277
12.8729
22.1317
11.0301
9.66841
16.2848
11.2759
34.4511
7.50951
13.4219
15.9592
8.84942
17.3416
12.4563
9.10635
16.9455
14.1946
12.1761
11.8851
26.7945
15.7375
21.2033
21.7769
10.2759
12.431
11.8258
19.7954
19.4332
13.738
10.5245
11.1016
11.4139
16.7879
11.0964
18.3084
13.5545
20.3509
10.2241
12.0574
18.6933
13.8865
12.9873
17.0054
16.7537
16.7027
25.4959
15.2252
9.99254
16.3883
11.2419
19.5438
12.7192
6.66849
18.2093
11.397
10.0241
12.9055
14.6593
11.0935
15.2427
18.0009
11.682
10.0757
13.5699
16.562
13.6204
10.5428
22.8259
8.21983
11.2874
19.4521
11.1101
9.55879
12.5324
14.1731
6.37208
12.9419
11.7155
11.2484
13.5004
14.5183
11.0861
19.0805
20.866
12.0059
17.5341
15.3516
12.0924
8.98226
20.2644
13.7432
17.7163
12.0748
13.2724
24.1461
8.71376
15.7581
8.98488
12.1925
6.22267
20.0279
12.8728
22.1314
11.0302
9.66845
16.2849
11.2762
34.4513
7.50933
13.422
15.9593
8.84929
17.3415
12.4562
9.10629
16.9456
14.1948
12.1764
11.8849
26.7947
15.7373
21.2035
21.7766
10.2761
12.4307
11.8259
19.7953
19.4333
13.738
10.5242
11.1018
11.4138
16.7878
11.0961
18.3085
13.5543
20.3513
10.224
12.0574
18.6936
13.8863
12.987
17.0056
16.7531
16.7029
25.4958
15.2246
9.99319
16.3888
11.2418
19.5441
12.7197
6.66882
18.2088
11.3972
10.0243
12.906
14.6589
11.0941
15.2421
18.001
11.682
10.0754
13.5702
16.5623
13.6199
10.5424
22.8258
8.22044
11.2879
19.4517
11.1108
9.5585
12.5329
14.1729
6.372
12.9424
11.7156
11.2485
13.5007
14.5182
11.0861
19.0803
20.8653
12.0065
17.5344
15.3511
12.0929
8.9826
20.2639
13.7431
17.7162
12.0749
13.2728
24.1456
8.71363
15.7582
8.98497
12.1928
6.22328
20.0277
12.873
22.1317
11.0302
9.66854
16.2847
11.2758
34.4508
7.50975
13.422
15.9592
8.84959
17.3417
12.4567
9.10663
16.9454
14.1946
12.1761
11.8851
26.7941
15.7375
21.2031
21.777
10.2758
12.4312
11.826
19.7954
19.4333
13.7383
10.5248
11.1017
11.414
16.788
11.0966
18.3086
13.5546
20.3507
10.2243
12.0576
18.693
13.8866
12.9874
17.0054
16.7534
16.7028
25.4959
15.2249
9.99272
16.3886
11.2417
19.544
12.7193
6.66846
18.209
11.397
10.0243
12.9058
14.6592
11.0937
15.2424
18.001
11.682
10.0756
13.5701
16.5621
13.6202
10.5426
22.826
8.2201
11.2876
19.4518
11.1104
9.55876
12.5326
14.173
6.37206
12.9421
11.7154
11.2484
13.5006
14.5184
11.0861
19.0804
20.8657
12.0061
17.5343
15.3514
12.0927
8.98232
20.2641
13.7431
17.7163
12.0749
13.2726
24.1458
8.71385
15.7582
8.9848
12.1927
6.223
20.0277
12.8728
22.1316
11.0302
9.66838
16.2848
11.276
34.4512
7.50947
13.4219
15.9593
8.84942
17.3415
12.4563
9.1063
16.9456
14.1946
12.1761
11.885
26.7946
15.7375
21.2033
21.7769
10.276
12.431
11.8258
19.7955
19.4332
13.738
10.5245
11.1016
11.4139
16.788
11.0964
18.3084
13.5545
20.351
10.2241
12.0574
18.6934
13.8865
12.9873
17.0054
16.7532
16.7028
25.496
15.2247
9.99304
16.3889
11.2416
19.5444
12.7197
6.66868
18.209
11.3974
10.0245
12.9061
14.6589
11.0941
15.2422
18.0011
11.6822
10.0755
13.57
16.562
13.6198
10.5423
22.8258
8.22043
11.288
19.4517
11.1107
9.55839
12.533
14.1727
6.37208
12.9421
11.7156
11.2483
13.5005
14.5184
11.0861
19.0801
20.8654
12.0064
17.5344
15.351
12.0929
8.98266
20.2641
13.7429
17.7165
12.075
13.2728
24.1457
8.71366
15.7584
8.98491
12.1927
6.22328
20.0275
12.8728
22.1318
11.03
9.66834
16.2849
11.2759
34.4507
7.50978
13.4218
15.9593
8.84974
17.3414
12.4565
9.10647
16.9455
14.1945
12.176
11.8849
26.7943
15.7372
21.2032
21.7771
10.276
12.431
11.826
19.7954
19.4331
13.7383
10.5249
11.1015
11.4139
16.7879
11.0965
18.3088
13.5543
20.3508
10.2244
12.0577
18.6932
13.8865
12.9874
17.0053
18.548
18.548
18.548
18.548
23.9964
23.9964
14.8347
14.8347
11.1391
11.1391
10.3057
10.3057
10.0748
10.0748
8.52291
8.52291
10.4503
10.4503
13.5141
13.5141
12.0875
12.0875
24.4697
20.22
14.0859
18.3952
11.2639
24.0069
17.4693
15.5631
23.6258
14.4976
27.6525
10.9286
31.7338
18.4153
19.6368
23.494
18.7588
19.2273
19.2877
17.3365
19.7124
13.448
18.6055
17.0801
13.3367
10.9283
22.0833
6.67041
19.1174
15.5009
12.4104
21.0018
21.3557
18.3373
19.9437
22.0059
17.7832
5.3726
22.3702
15.3915
13.9112
30.9155
20.1047
17.7643
18.8166
16.2712
10.4099
21.5313
35.8445
14.9037
20.8768
18.1481
19.1458
31.6751
12.8788
26.0756
11.0549
17.9542
16.0499
16.583
14.2726
23.5314
14.0047
15.0772
18.1103
20.4966
8.68315
17.8016
16.6037
20.393
12.3273
10.6434
16.8861
26.0582
10.1807
13.4396
17.0254
27.2862
20.7873
19.8685
39.4722
18.2629
26.729
12.9997
23.4244
21.5208
18.5476
16.4403
10.3496
12.5972
20.4575
16.0685
19.959
17.4854
23.7516
19.3515
27.023
17.5456
10.9181
16.242
30.548
22.6845
23.2001
24.1255
10.0909
22.9506
15.9463
18.4785
11.7291
29.0837
13.9642
10.0552
27.2636
18.7236
19.1175
18.191
10.2453
18.205
30.4269
18.2611
15.742
25.957
15.49
20.8726
18.9617
13.0777
14.5985
17.6432
17.2616
16.0656
23.5042
27.3375
18.2206
19.3033
17.8785
23.9784
13.8225
27.6663
17.8158
16.1252
22.4691
18.406
27.4866
15.6359
16.7944
36.2124
11.5583
11.2661
14.6537
15.4243
22.9655
17.1425
18.0766
18.0125
12.8565
17.7282
23.2768
22.0382
18.2771
26.4133
23.9817
17.6924
21.5797
39.088
24.9131
14.2405
18.9339
29.7064
23.747
5.77728
24.4039
21.5632
18.3665
22.2176
21.0413
18.5083
17.8275
13.9725
10.0626
14.3203
14.1176
19.2255
17.633
19.7795
13.362
14.6825
14.3233
11.4102
19.4026
29.6796
21.5502
18.9442
16.6583
21.0337
21.9125
19.0028
21.1393
19.6885
22.3004
11.6827
13.0839
23.2699
18.3076
23.4618
18.037
19.3683
15.3058
15.0053
19.2165
28.1405
21.0313
18.0443
15.6379
18.0961
23.0019
16.8955
15.7978
16.7966
17.9799
15.1623
26.5454
15.7965
21.2615
20.8324
18.8445
21.0235
17.0073
18.7537
17.7868
22.6641
14.7018
17.6806
15.7382
39.4147
16.2959
14.4179
11.0043
19.038
19.1594
18.0554
30.6623
11.3493
20.5239
21.1569
14.727
16.6934
14.2628
8.70395
10.3321
19.5992
18.8734
12.1835
26.0848
17.0593
15.974
18.1963
27.96
16.8734
23.4463
10.8045
25.0763
24.1215
16.2565
16.7676
22.1008
14.0513
35.0876
6.04368
19.7475
12.448
20.5051
32.2335
17.0778
12.9496
16.7321
13.0488
16.1641
14.0125
11.0413
22.8597
18.4262
19.9621
40.7289
13.9773
19.1792
17.9489
12.9362
20.9232
8.8111
17.4607
26.7345
13.8235
21.0054
27.5164
26.4384
25.4373
11.1867
21.4163
18.6452
12.3493
10.6272
18.7698
17.6236
16.432
18.8087
17.1961
11.4093
25.3755
9.81533
15.5967
15.398
23.1954
25.3857
22.8247
25.9769
40.5358
10.3971
31.4811
26.86
17.811
20.1353
14.4601
27.9269
21.7776
17.8746
12.1992
22.9075
17.0432
15.626
16.8925
16.6495
15.0428
21.3982
27.941
12.8799
18.4895
19.9998
35.025
22.8209
20.9103
18.4065
15.5809
18.0034
13.6171
14.1989
13.2108
18.0267
16.6605
16.9672
17.9073
17.9868
15.9153
18.6835
11.3014
17.903
25.9706
21.544
23.4484
14.6151
26.5322
17.9459
18.5111
12.6976
17.0381
23.5422
22.9995
14.7036
24.2323
16.4522
19.7287
16.8247
12.1376
20.1858
19.7443
16.8676
23.0107
12.5573
10.1541
19.2862
13.1787
23.8959
26.7582
17.1357
9.07719
12.9525
24.2713
18.8591
26.7506
39.3597
22.1085
30.9714
32.1547
16.3764
18.7947
15.0189
17.6828
23.6211
10.4798
22.9417
11.7801
14.5085
21.5352
16.4943
19.493
11.4454
25.8276
14.0575
7.98941
20.1159
23.5341
40.3418
12.7369
35.7155
18.9029
17.4819
14.0453
10.8268
17.3916
16.4741
24.5376
18.7659
11.8349
17.5402
26.4047
19.6333
23.2077
10.6882
14.7326
15.5598
16.3895
12.8455
18.3694
16.5247
20.5167
18.4953
18.2311
20.9634
22.571
23.2863
18.9318
15.15
13.7179
19.6824
18.2773
21.0292
27.708
14.6442
19.9859
22.9937
14.1134
10.2874
26.6058
17.2244
20.7828
19.1228
16.8495
20.4852
15.643
18.5431
19.2725
16.7673
22.2685
5.45852
27.6181
20.8955
8.61686
28.5752
12.6166
27.0104
10.1492
21.6297
13.7469
12.5661
25.5054
14.1481
20.6499
15.8116
15.536
17.2588
14.1613
10.1228
19.6863
11.1866
24.2402
15.0172
17.0272
10.1797
17.4353
28.9966
19.5436
19.2911
14.8511
27.1897
20.147
10.9769
10.9843
23.7168
6.51276
21.7144
15.8749
29.4783
27.5054
25.3256
11.2201
9.77909
21.7332
30.9176
19.9952
15.5713
19.1364
10.441
17.3479
20.4122
10.2158
15.5976
17.6829
15.5175
12.8654
18.8139
16.8305
18.9518
20.1151
18.2056
15.2872
22.0754
17.842
14.6885
18.6251
7.29777
22.2582
16.6139
20.1916
16.5035
26.7705
35.9175
21.6335
20.0323
30.4651
26.8321
26.9037
24.1177
20.065
24.8073
9.2816
22.8305
14.2414
21.6682
12.1304
15.624
25.1525
11.4743
18.2736
16.8863
19.6644
21.7531
15.0304
14.7127
19.8466
15.8992
13.64
21.3749
28.0271
12.2482
39.8488
16.2353
12.053
12.6458
16.8019
18.4305
9.87564
20.4555
19.0204
22.739
20.1315
19.4637
18.6095
19.5159
23.7771
19.5797
17.6512
25.2095
22.507
14.6075
18.0436
31.5339
18.2385
13.801
16.8801
18.042
21.3087
19.7038
19.8473
26.6617
22.9694
14.716
25.9047
17.4024
16.8492
17.6812
13.7769
20.6433
16.9377
18.3347
27.4246
22.622
18.0032
26.5119
12.6256
20.4705
17.2956
10.7285
12.4759
22.5361
17.3266
18.2627
16.8123
24.1953
28.5773
17.4469
10.3905
27.5805
23.1861
18.2853
11.4668
21.3611
19.6466
14.6957
15.7344
20.7172
14.8202
18.9837
23.3882
29.2401
15.3778
10.5142
15.4833
19.4938
20.8726
23.3867
21.0656
13.2436
19.2162
19.2077
16.9454
31.0349
14.5883
13.7494
14.6223
24.1542
17.7444
22.902
17.314
26.7118
11.0057
16.442
35.4541
22.1013
19.0107
11.0632
12.8677
14.7546
31.5889
13.0077
17.049
15.7326
18.4218
18.8769
21.4579
28.7313
14.8424
20.6712
36.9883
24.0823
19.5946
19.8747
25.7618
15.6093
11.6868
16.8054
16.2536
25.8392
11.9558
14.6319
6.04722
14.3979
15.5183
18.7711
16.0393
16.149
15.4999
15.9698
20.2109
14.3585
17.5761
12.4937
11.147
18.273
11.5876
13.86
19.3337
15.9595
17.1661
30.3201
18.2008
19.4033
23.1105
15.2495
19.3642
14.8775
26.0389
20.3516
12.1807
24.9386
15.6278
11.3437
28.51
6.29345
23.9714
10.611
18.9059
18.1826
9.45685
18.4234
13.8803
30.8404
15.7834
32.2488
17.1332
17.2465
11.7241
17.8736
10.0261
12.61
19.2353
23.5043
24.9973
22.2143
38.9428
18.1406
18.6587
23.7253
14.3228
17.5397
23.6284
20.8413
22.5051
18.1419
15.7235
20.8029
19.9408
14.6411
14.2054
17.0242
17.8327
18.6102
16.1844
16.1524
18.5823
18.819
13.595
23.3786
23.4147
27.8527
15.8901
16.8482
18.6478
22.0376
25.9722
28.2477
19.0866
20.562
21.189
19.469
20.1122
17.9256
27.9604
13.7392
13.5268
22.544
27.0664
21.148
10.5609
18.3041
20.3925
26.7501
14.1998
21.5867
16.562
22.3088
9.54868
19.9251
16.6664
20.7201
15.628
10.2714
18.1185
13.941
19.3523
21.3615
17.834
13.9131
18.3556
23.269
23.3438
18.6814
27.8722
23.3632
15.974
32.0182
31.4706
10.0203
19.9393
10.9942
17.9572
15.1706
26.1184
18.3398
16.7674
26.1136
40.2029
16.8666
26.9547
18.2426
17.8558
13.1637
16.8815
19.7704
8.28473
18.5329
11.4557
13.8012
36.2089
24.1083
29.1151
13.1435
20.6569
18.7739
29.4863
21.5666
20.7998
19.9364
19.1456
16.7214
36.1622
23.3693
17.4735
18.2674
8.30125
14.3919
27.0031
20.0348
22.8224
20.8546
19.6655
13.9203
17.5249
14.2325
19.9513
20.0524
14.4733
13.7991
24.6656
23.3739
18.389
19.1813
20.6349
13.5039
18.2822
5.21764
27.1431
16.4065
20.5677
16.1776
13.6716
20.1929
14.3186
39.4697
12.0101
12.1234
18.5072
19.6462
14.6373
24.1852
23.8745
17.758
14.7143
12.6082
16.7357
27.7173
18.4922
22.2806
18.6853
18.8279
10.4859
11.907
23.6505
22.0414
16.9611
15.7691
12.7848
24.9795
22.4029
15.8842
18.9375
17.3514
17.4819
20.2566
10.6599
15.4121
10.6896
22.2628
21.0541
21.7355
18.1205
14.7614
22.0978
19.7813
19.77
9.51336
18.7744
14.9415
9.30732
15.9937
15.0034
14.7209
11.7551
18.5629
15.003
18.4532
18.501
18.2913
21.8214
12.3379
26.5467
13.4715
16.6143
20.214
18.3052
15.8478
16.4429
24.7102
12.1945
23.7499
16.0885
15.3299
13.1745
20.1856
17.0857
24.5528
8.84291
13.9418
18.2189
17.3982
11.7717
15.3475
18.8603
29.3731
10.8406
16.5109
23.3171
16.7775
14.7377
13.0793
16.4812
15.6447
21.5644
10.9171
17.2819
16.488
17.9848
29.7092
14.5941
20.569
17.1704
22.1054
16.2741
25.2997
42.6044
16.107
8.63349
21.2702
23.1119
12.684
21.3682
16.6973
16.72
18.9682
18.9695
18.3205
29.3558
22.4941
16.107
24.1452
18.2097
20.3092
29.8841
22.1012
32.7433
12.7036
21.285
